14 44 48 12 
20 11 11 
20 50 29 
43 26 
6 39 18 33 
41 10 
45 14 28 
32 17 22 
24 37 9 20 
6 16 32 24 27 11 38 
32 31 10 
41 17 36 41 42 17 
38 38 32 50 16 36 39 
4 11 42 16 39 4 12 16 
13 
10 45 41 14 
36 42 25 25 17 
43 
41 45 1 20 
50 
44 18 21 
35 9 31 
3 8 11 
33 19 14 25 6 46 
36 37 47 16 20 34 7 
40 38 14 39 
6 33 9 4 
37 44 46 42 33 19 2 35 
15 39 50 31 32 31 11 
46 13 20 50 
26 49 13 6 19 35 44 15 
44 37 
24 1 8 30 
35 31 26 46 19 36 26 
3 5 37 48 20 21 
4 49 4 25 5 26 
3 38 6 25 28 10 
12 17 28 43 11 19 47 8 
5 3 2 
28 49 12 35 31 27 
28 33 47 49 16 27 2 30 
30 35 12 13 42 
5 3 44 21 29 37 6 21 
23 24 10 5 38 
37 33 46 
3 7 35 14 15 14 37 40 36 
20 4 42 4 44 
38 
15 20 
14 3 43 12 
37 17 1 
39 3 5 
27 43 
23 18 4 
19 5 14 21 
45 37 33 
20 39 
50 38 34 24 49 
41 10 46 4 3 18 12 32 50 
25 50 23 
42 30 22 41 21 43 27 48 27 17 
44 35 42 25 42 
43 9 
35 17 26 14 34 26 15 
18 48 46 1 
49 17 4 12 39 6 
41 28 7 10 22 42 34 4 20 
11 25 44 43 12 
47 16 14 34 18 44 
24 50 6 
26 34 25 1 6 
39 15 30 11 50 25 
8 15 19 18 
50 34 6 27 40 
16 31 25 14 38 42 
49 25 5 1 17 40 25 
3 1 4 48 42 
47 45 30 36 22 
38 45 43 10 26 18 18 
4 44 6 5 22 23 
49 9 30 6 37 
25 31 23 29 28 
31 23 
33 38 16 48 44 
1 50 5 13 11 26 
46 2 
25 7 
26 49 43 18 9 45 
23 
27 33 16 18 6 
35 12 41 
50 1 41 
35 43 
2 1 39 24 
5 42 37 7 35 21 41 11 
44 46 30 
1 45 26 11 7 17 
30 39 29 19 45 
35 32 23 25 49 46 
46 21 50 1 43 36 
